355862
355863
355870
355871
355872
355892
355912
355913
355921
355933
355942
355988
355989
355998
355999
356004
356005
356043
356071
356074
356075
356076
356077
356135
356309
356316
356322
356323
356371
356375
356378
356381
356383
356385
356386
356426
356428
356433
356434
356435
356446
356523
356531
356563
356568
356569
356570
356576
356578
356580
356582
356614
356615
356619
356810
356811
356812
356813
356814
356815
356824
356908
356919
356937
356946
356947
356948
356949
356951
356954
356955
356956
356968
356969
356970
356998
356999
357000
357001
357079
357080
357081
357101
357102
357104
357106
357112
357268
357271
357328
357329
357330
357331
357332
357333
357401
357406
357438
357440
357441
357442
357447
357472
357478
357479
357482
